# Ls
1.000000000000000000e+00
2.000000000000000000e+00
3.000000000000000000e+00
4.000000000000000000e+00
5.000000000000000000e+00
6.000000000000000000e+00
7.000000000000000000e+00
8.000000000000000000e+00
9.000000000000000000e+00
1.000000000000000000e+01
1.100000000000000000e+01
1.200000000000000000e+01
# time_double
1.737251591682434082e+01
2.703529095649719238e+01
4.674384760856628418e+01
6.595278429985046387e+01
1.002995607852935791e+02
1.476033520698547363e+02
2.049521341323852539e+02
2.695280022621154785e+02
3.531748163700103760e+02
4.331136684417724609e+02
5.361416718959808350e+02
6.636338438987731934e+02
# time_two
9.622549057006835938e+00
2.526913523674011230e+01
4.785756134986877441e+01
7.370187807083129883e+01
1.183342514038085938e+02
1.705621767044067383e+02
2.330381731986999512e+02
3.008092298507690430e+02
3.900587074756622314e+02
4.883087549209594727e+02
6.057516980171203613e+02
7.338988187313079834e+02
# relative_error_double
3.046880320176649753e-05
5.597303826224904770e-04
1.731630130847516044e-03
1.597174482688647657e-04
6.459729264393006829e-04
9.277423268969998971e-03
3.220828092226699774e-02
2.121854146335272126e-02
2.247531158231459714e-02
5.202004140105672379e-03
1.234404865122151057e-02
3.222257697211509085e-03
# relative_error_two_right
9.548648178069678652e-03
1.589595924816437564e-02
1.012727905491469960e+00
3.599605770350569611e-01
1.686865368809655319e+00
9.902237188754836605e-02
9.643422426363342792e-01
2.575804120865024416e+00
3.168988442501680658e-01
4.659608786653524626e-01
3.445929324211038369e-01
4.248755179029717888e-01
# relative_error_two_left
3.890056903846748990e-03
2.092488300823652162e-04
1.539710573720152464e-01
1.826189998603139075e-01
6.707878863024352434e-01
3.538081227922550975e-01
2.383530274090408074e+00
2.282304262901343250e+00
1.276587349499669566e+00
2.843653379494133770e-01
8.938807896917381202e-01
3.158770589186850608e-01
# min_var_left_double_mean_real
-4.032183529659017873e-06
4.968918790693072253e-05
1.457521145246087055e-04
1.230446895300919457e-05
1.691101188099848390e-04
7.870420005552282092e-03
1.203684134703615453e-02
1.893541784527160224e-02
2.117831516602721939e-02
2.514849347158443216e-02
1.044622563037118645e-01
4.782268176472428273e-02
# min_var_left_double_error
4.762934809344399489e-06
4.585966383359730674e-05
1.295810910395758667e-04
1.020127712293339883e-05
1.905533169046438738e-04
1.549412537200219866e-03
2.335649595455882924e-03
4.385401487368753570e-03
5.845771558238128940e-03
4.377404061210746211e-03
9.623269593419064155e-03
9.334574550176544944e-03
# min_var_left_two_mean_real
1.796303839025431649e-06
-2.136194627900860272e-05
3.111410437226619602e-04
6.017338059163874868e-03
1.090997366976836219e-02
2.446241339654153454e-02
3.440660671922946695e-02
3.639116281656021995e-02
4.259012228134246431e-02
4.110847084289281222e-02
5.777718550301694928e-02
5.624002992213791158e-02
# min_var_left_two_error
1.209310373131966894e-05
5.825367371644927990e-06
1.274356549049923128e-04
4.459842563101225582e-04
8.172110887874115383e-04
1.846301464734014788e-03
3.039803521178862430e-03
4.166119530311290786e-03
5.453391147140803155e-03
6.871731298273633937e-03
7.198749806879720103e-03
7.723482507920841067e-03
# min_var_right_double_mean_real
-2.005677738335220116e-06
8.838004328267556054e-06
5.805165823170772989e-05
-1.459499351145851491e-06
3.143725997029438710e-04
6.759349187687876091e-03
1.129214775096339454e-02
1.618191060709575288e-02
1.436167783979529211e-02
1.819320385997353837e-02
7.732932069056729085e-02
4.424607479683792532e-02
# min_var_right_double_error
5.067297052890819110e-06
4.435627552630481534e-05
1.287124065122708500e-04
1.289035046948528981e-05
2.110251662072749868e-04
6.203507446006816580e-04
1.040992656216867219e-03
2.586070079491375930e-03
2.553564831024179946e-03
3.144819475542258002e-03
1.028470042826664516e-02
6.180459793093307300e-03
# min_var_right_two_mean_real
9.261564293792379357e-06
1.100405220350764455e-04
1.943968466088425578e-02
2.983145368843567041e-02
9.303423561564688749e-03
2.057284149675285903e-02
3.606808388405019494e-02
3.222853626828363349e-02
3.580379170809597222e-02
4.440433866341176455e-02
5.396602635236787127e-02
3.854180772745186001e-02
# min_var_right_two_error
1.693048655344421094e-05
1.498736613250602992e-04
8.995052878113474421e-04
7.448451222608514551e-04
4.808872062853728900e-04
1.555149073364426975e-03
2.710429765833857144e-03
3.628690639099033631e-03
9.198067463633708557e-03
6.763291797181990826e-03
7.515009865401017786e-03
6.895253146795500727e-03
